#camera_matrix:
#  - [655.04, 0.0, 768.0]
#  - [0.0, 654.54, 432.0]
#  - [0.0, 0.0, 1.0]
camera_matrix:
  - [655.04, 0.0, 768.0]
  - [0.0, 654.54, 432.0]
  - [0.0, 0.0, 1.0]
#camera_matrix:
#  - [1965.12, 0.0, 2304]
#  - [0.0, 1963.62, 1296]
#  - [0.0, 0.0, 1.0]
#dist_coeff: [-0.07281679951244749, 0.16434698926371655, 0.0013732580031087106, 0.005169724423162095, -0.10673128219536536]
#dist_coeff: [-0.05091739  0.17084332 -0.00051085 -0.00271031 -0.1338628]
dist_coeff: [-0.06776666,  0.15092009, -0.00069885,  0.00102074, -0.09718589]

#Camera matrix:
# [[2.11272579e+03 0.00000000e+00 2.34701509e+03]
# [0.00000000e+00 2.10831461e+03 1.28587196e+03]
# [0.00000000e+00 0.00000000e+00 1.00000000e+00]]
#Distortion coefficients:
# [[-0.05091739  0.17084332 -0.00051085 -0.00271031 -0.1338628 ]]
#Camera matrix:
# [[1.99102287e+03 0.00000000e+00 2.31802401e+03]
# [0.00000000e+00 1.99223159e+03 1.29831096e+03]
# [0.00000000e+00 0.00000000e+00 1.00000000e+00]]
#Distortion coefficients:
# [[-0.06776666  0.15092009 -0.00069885  0.00102074 -0.09718589]]

