camera_matrix:
  - [1965.729057557967, 0.0, 2334.7075435157954]
  - [0.0, 1964.4841953640496, 1320.6702734431592]
  - [0.0, 0.0, 1.0]
dist_coeff: [-0.07281679951244749, 0.16434698926371655, 0.0013732580031087106, 0.005169724423162095, -0.10673128219536536]
