#camera_matrix:
#  - [655.04, 0.0, 768.0]
#  - [0.0, 654.54, 432.0]
#  - [0.0, 0.0, 1.0]
camera_matrix:
  - [1965.12, 0.0, 2304]
  - [0.0, 1963.62, 1296]
  - [0.0, 0.0, 1.0]
dist_coeff: [-0.07281679951244749, 0.16434698926371655, 0.0013732580031087106, 0.005169724423162095, -0.10673128219536536]
