camera_matrix:
  - [809.93073084, 0., 645.25883288]
  - [ 0., 809.54365435, 349.97640886]
  - [0.0, 0.0, 1.0]
dist_coeff: [-0.08079841,  0.16543589, -0.00137951,  0.00290625, -0.13231464]

# Camera and localization parameters
image_size: [1280, 720]
process_rate_hz: 8.0
lens_position: 18.0
marker_size: 0.040
max_position_jump: 0.25
max_yaw_jump_deg: 25.0
max_reprojection_error_px: 4.0
position_smoothing_alpha: 0.2
yaw_smoothing_alpha: 0.2
min_update_translation: 0.01
min_update_yaw_deg: 1.0

camera_to_base:
  x: 0.176
  y: 0.0
  z: 0.0
  roll: 0.0
  pitch: 0.0
  yaw: 0.0 #3.141592653589793
