camera_matrix:
  - [1008, 0.0, 780]
  - [0.0, 1007, 424]
  - [0.0, 0.0, 1.0]
dist_coeff: [-0.01955339, -0.00970571, -0.00145232,  0.00186774,  0.08397236]

# Camera and localization parameters
image_size: [1536, 864]
process_rate_hz: 5.0
lens_position: 8.0
marker_size: 0.038
max_position_jump: 999 #0.25
max_yaw_jump_deg: 180 #20.0
max_reprojection_error_px: 8.0
position_smoothing_alpha: 1.0 #0.2
yaw_smoothing_alpha: 1.0 #0.2
min_update_translation: 0.01
min_update_yaw_deg: 1.0

camera_to_base:
  x: 0.176
  y: 0.0
  z: 0.0
  roll: 0.0
  pitch: 0.0
  yaw: 0.0 #3.141592653589793


#Camera matrix:
# [[1.00827669e+03 0.00000000e+00 7.79814266e+02]
# [0.00000000e+00 1.00679379e+03 4.24512922e+02]
# [0.00000000e+00 0.00000000e+00 1.00000000e+00]]
#Distortion coefficients:
# [[-0.01955339 -0.00970571 -0.00145232  0.00186774  0.08397236]]



# Max resolution
#camera_matrix:
#  - [1965.12, 0.0, 2304]
#  - [0.0, 1963.62, 1296]
#  - [0.0, 0.0, 1.0]
#dist_coeff: [-0.06776666,  0.15092009, -0.00069885,  0.00102074, -0.09718589]
