camera_matrix:
  - [545.7, 0.0, 640.0]
  - [0.0, 545.3, 360.0]
  - [0.0, 0.0, 1.0]
#camera_matrix:
#  - [2078, 0.0, 2304]
#  - [0.0, 2068, 1296]
#  - [0.0, 0.0, 1.0]
dist_coeff: [-0.07281679951244749, 0.16434698926371655, 0.0013732580031087106, 0.005169724423162095, -0.10673128219536536]
